ACTIVE_PART_STACK__BODY_BACKGROUND_COLOR=0.0, 0.047872342, 0.6755319
EDITORS_PART_STACK__FILL_COLOR=0.0, 0.2712766, 0.5212766, 0|0.0, 0.0, 0.7606383, 100
INACTIVE_PART_STACK__BODY_BACKGROUND_COLOR=0.0, 0.40957448, 0.90425533
LAYOUT__TAB_HEIGHT=23
TEXT_EDITOR__RULER_COLOR=199.86208, 0.5, 0.9680851
TEXT_EDITOR__UNDER_LINE_STYLE=0
WINDOW__BACKGROUND_COLOR=194.89656, 0.04255319, 0.9893617
WINDOW__STATUS_BAR_FILL_COLOR=0.0, 0.0, 0.6648936, 5|0.0, 0.0, 0.81960785, 5|0.0, 0.0, 1.0, 5|0.0, 0.0, 0.93085104, 30|0.0, 0.0, 1.0, 80|0.0, 0.0, 0.87234044, 100
eclipse.preferences.version=1
